NACA64 airfoil with an aspect ratio of 17.  Original -180 to 180deg Cl, Cd, and Cm versus AOA data taken from Appendix A of DOWEC document 10046_009.pdf (numerical values obtained from Koert Lindenburg of ECN).
Cl and Cd values corrected for rotational stall delay and Cd values corrected using the Viterna method for 0 to 90deg AOA by Jason Jonkman using AirfoilPrep_v2p0.xls.
   7        Number of airfoil tables in this file
	-10.0000			-7.0000			-3.0000			0.0000			3.0000			7.0000			10.0000		Flap Angle
	11.0000			11.0000			11.0000			9.0000			12.0000			13.0000			12.0000		Stall angle (deg)
	0.0000			0.0000			0.0000			0.0000			0.0000			0.0000			0.0000		No longer used, enter zero
	0.0000			0.0000			0.0000			0.0000			0.0000			0.0000			0.0000		No longer used, enter zero
	0.0000			0.0000			0.0000			0.0000			0.0000			0.0000			0.0000		No longer used, enter zero
	0.8025			-0.9495			-3.8765			-4.4320			-10.3140			-15.1675			-14.5941	Zero Cn angle of attack (deg)	
	6.3405			5.9530			5.1239			6.0031			3.7638			3.1403			3.3717		Cn slope for zero lift (dimensionless)
	1.1285			1.2415			1.3304			1.4073			1.4658			1.5438			1.5650		 Cn extrapolated to value at positive stall angle of attack
	-0.8000			-0.8000			-0.8000			-0.7945			-0.8000			-0.8000			-0.8000		Cn at stall value for negative angle of attack
	2.0000			2.0000			1.0000			-1.0000			-2.0000			-1.0000			-2.0000		Angle of attack for minimum CD (deg)
	0.0044			0.0044			0.0044			0.0052			0.0046			0.0047			0.0048		Minimum CD value
-180.00	0.0000	0.0100	0.0000	0.0000	0.0100	0.0000	0.0000	0.0100	0.0000	0.0000	0.0198	0.0000	0.0000	0.0100	0.0000	0.0000	0.0100	0.0000	0.0000	0.0100	0.0000
-175.00	0.1460	0.0100	0.2000	0.1500	0.0100	0.2000	0.1605	0.0100	0.2000	0.3740	0.0341	0.1880	0.2300	0.0100	0.2000	0.1755	0.0100	0.2000	0.1750	0.0100	0.2000
-170.00	0.2920	0.0100	0.4000	0.3000	0.0100	0.4000	0.3210	0.0100	0.4000	0.7490	0.0955	0.3770	0.4600	0.0100	0.4000	0.3510	0.0100	0.4000	0.3500	0.0100	0.4000
-160.00	0.5840	0.0192	0.3434	0.6010	0.0374	0.3872	0.6420	0.0540	0.4574	0.6590	0.2807	0.2747	0.9200	0.0900	0.6574	0.7020	0.0997	0.6094	0.7000	0.1224	0.6425
-155.00	0.6415	0.1191	0.3450	0.6585	0.1366	0.3874	0.6985	0.1526	0.4538	0.7360	0.3919	0.3130	0.8705	0.1872	0.5926	0.7575	0.1965	0.5993	0.7555	0.2183	0.6324
-150.00	0.6990	0.2190	0.3466	0.7160	0.2358	0.3876	0.7550	0.2511	0.4502	0.7830	0.5086	0.3428	0.8210	0.2843	0.5277	0.8130	0.2932	0.5891	0.8110	0.3142	0.6222
-145.00	0.6755	0.3424	0.3387	0.6890	0.3582	0.3779	0.7205	0.3726	0.4356	0.8030	0.6267	0.3654	0.7735	0.4039	0.5077	0.7675	0.4123	0.5664	0.7660	0.4320	0.5994
-140.00	0.6520	0.4657	0.3308	0.6620	0.4805	0.3681	0.6860	0.4941	0.4209	0.7980	0.7427	0.3820	0.7260	0.5234	0.4877	0.7220	0.5313	0.5437	0.7210	0.5498	0.5765
-135.00	0.6185	0.5983	0.3372	0.6265	0.6119	0.3734	0.6455	0.6244	0.4237	0.7710	0.8537	0.3935	0.6775	0.6513	0.4877	0.6740	0.6586	0.5421	0.6730	0.6756	0.5745
-130.00	0.5850	0.7308	0.3435	0.5910	0.7432	0.3786	0.6050	0.7546	0.4264	0.7240	0.9574	0.4007	0.6290	0.7792	0.4877	0.6260	0.7858	0.5404	0.6250	0.8014	0.5725
-125.00	0.5330	0.8575	0.3532	0.5375	0.8685	0.3875	0.5485	0.8786	0.4338	0.6600	1.0519	0.4042	0.5670	0.9005	0.4936	0.5645	0.9064	0.5447	0.5640	0.9202	0.5763
-120.00	0.4810	0.9841	0.3629	0.4840	0.9937	0.3964	0.4920	1.0026	0.4412	0.5810	1.1355	0.4047	0.5050	1.0218	0.4995	0.5030	1.0269	0.5490	0.5030	1.0390	0.5801
-115.00	0.4110	1.0906	0.3700	0.4130	1.0987	0.4029	0.4190	1.1062	0.4466	0.4910	1.2070	0.4025	0.4280	1.1223	0.5043	0.4265	1.1266	0.5520	0.4265	1.1368	0.5823
-110.00	0.3410	1.1970	0.3770	0.3420	1.2037	0.4093	0.3460	1.2097	0.4519	0.3900	1.2656	0.3981	0.3510	1.2228	0.5090	0.3500	1.2263	0.5549	0.3500	1.2346	0.5845
-105.00	0.2580	1.2716	0.3777	0.2585	1.2767	0.4094	0.2610	1.2812	0.4512	0.2820	1.3104	0.3918	0.2640	1.2911	0.5082	0.2635	1.2937	0.5520	0.2635	1.3000	0.5809
-100.00	0.1750	1.3462	0.3783	0.1750	1.3496	0.4095	0.1760	1.3527	0.4505	0.1690	1.3410	0.3838	0.1770	1.3593	0.5074	0.1770	1.3611	0.5490	0.1770	1.3653	0.5772
-95.00	0.0875	1.3811	0.3704	0.0875	1.3828	0.4012	0.0880	1.3844	0.4414	0.0520	1.3572	0.3743	0.0885	1.3877	0.4986	0.0885	1.3886	0.5379	0.0885	1.3907	0.5654
-90.00	0.0000	1.4160	0.3625	0.0000	1.4160	0.3928	0.0000	1.4160	0.4323	-0.0670	1.3587	0.3636	0.0000	1.4160	0.4898	0.0000	1.4160	0.5268	0.0000	1.4160	0.5535
-85.00	-0.0875	1.3811	0.3397	-0.0875	1.3828	0.3703	-0.0880	1.3844	0.4099	-0.1840	1.3456	0.3517	-0.0885	1.3877	0.4694	-0.0885	1.3886	0.5046	-0.0885	1.3907	0.5315
-80.00	-0.1750	1.3462	0.3168	-0.1750	1.3496	0.3478	-0.1760	1.3527	0.3875	-0.2990	1.3181	0.3388	-0.1770	1.3593	0.4490	-0.1770	1.3611	0.4823	-0.1770	1.3653	0.5095
-75.00	-0.2580	1.2716	0.2888	-0.2585	1.2767	0.3201	-0.2610	1.2812	0.3599	-0.4090	1.2765	0.3248	-0.2640	1.2911	0.4231	-0.2635	1.2937	0.4546	-0.2635	1.3000	0.4820
-70.00	-0.3410	1.1970	0.2607	-0.3420	1.2037	0.2923	-0.3460	1.2097	0.3322	-0.5120	1.2212	0.3099	-0.3510	1.2228	0.3972	-0.3500	1.2263	0.4269	-0.3500	1.2346	0.4545
-65.00	-0.4110	1.0906	0.2306	-0.4130	1.0987	0.2624	-0.4190	1.1062	0.3024	-0.6060	1.1532	0.2940	-0.4280	1.1223	0.3690	-0.4265	1.1266	0.3970	-0.4265	1.1368	0.4246
-60.00	-0.4810	0.9841	0.2005	-0.4840	0.9937	0.2325	-0.4920	1.0026	0.2725	-0.6890	1.0731	0.2772	-0.5050	1.0218	0.3407	-0.5030	1.0269	0.3671	-0.5030	1.0390	0.3946
-55.00	-0.5330	0.8575	0.1710	-0.5375	0.8685	0.2030	-0.5485	0.8786	0.2431	-0.7590	0.9822	0.2595	-0.5670	0.9005	0.3126	-0.5645	0.9064	0.3374	-0.5640	0.9202	0.3646
-50.00	-0.5850	0.7308	0.1414	-0.5910	0.7432	0.1735	-0.6050	0.7546	0.2137	-0.8140	0.8820	0.2409	-0.6290	0.7792	0.2845	-0.6260	0.7858	0.3076	-0.6250	0.8014	0.3345
-45.00	-0.6185	0.5983	0.1136	-0.6265	0.6119	0.1456	-0.6455	0.6244	0.1856	-0.8500	0.7742	0.2212	-0.6775	0.6513	0.2574	-0.6740	0.6586	0.2784	-0.6730	0.6756	0.3049
-40.00	-0.6520	0.4657	0.0858	-0.6620	0.4805	0.1176	-0.6860	0.4941	0.1574	-0.8660	0.6610	0.2006	-0.7260	0.5234	0.2303	-0.7220	0.5313	0.2492	-0.7210	0.5498	0.2753
-35.00	-0.6755	0.3424	0.0569	-0.6890	0.3582	0.0882	-0.7205	0.3726	0.1268	-0.8600	0.5451	0.1789	-0.7735	0.4039	0.2003	-0.7675	0.4123	0.2156	-0.7660	0.4320	0.2410
-30.00	-0.6990	0.2190	0.0279	-0.7160	0.2358	0.0587	-0.7550	0.2511	0.0962	-0.8290	0.4295	0.1563	-0.8210	0.2843	0.1703	-0.8130	0.2932	0.1820	-0.8110	0.3142	0.2066
-25.00	-1.0145	0.1379	-0.0271	-0.9780	0.1434	-0.0217	-0.9315	0.1477	-0.0167	-0.8530	0.3071	0.1156	-0.8650	0.1767	0.1169	-0.7755	0.1822	0.1310	-0.7565	0.2174	0.1563
-24.00	-1.0776	0.1217	-0.0381	-1.0304	0.1249	-0.0377	-0.9668	0.1270	-0.0392	-0.8700	0.2814	0.1040	-0.8738	0.1552	0.1062	-0.7680	0.1599	0.1207	-0.7456	0.1980	0.1462
-23.00	-1.1407	0.1055	-0.0491	-1.0828	0.1064	-0.0538	-1.0021	0.1063	-0.0618	-0.8900	0.2556	0.0916	-0.8826	0.1337	0.0955	-0.7605	0.1377	0.1105	-0.7347	0.1787	0.1362
-22.00	-1.2038	0.0892	-0.0601	-1.1352	0.0879	-0.0699	-1.0374	0.0856	-0.0844	-0.9110	0.2297	0.0785	-0.8914	0.1121	0.0849	-0.7530	0.1155	0.1003	-0.7238	0.1593	0.1261
-21.00	-1.2669	0.0730	-0.0711	-1.1876	0.0694	-0.0859	-1.0727	0.0649	-0.1069	-0.9340	0.2040	0.0649	-0.9002	0.0906	0.0742	-0.7455	0.0933	0.0901	-0.7129	0.1400	0.1161
-20.00	-1.3300	0.0568	-0.0821	-1.2400	0.0509	-0.1020	-1.1080	0.0442	-0.1295	-0.9580	0.1785	0.0508	-0.9090	0.0691	0.0635	-0.7380	0.0711	0.0799	-0.7020	0.1206	0.1060
-19.00	-1.3150	0.0490	-0.0829	-1.2370	0.0426	-0.1025	-1.1010	0.0370	-0.1290	-0.9820	0.1534	0.0364	-0.8530	0.0316	-0.1726	-0.7105	0.0475	-0.0589	-0.6675	0.1025	0.0576
-18.00	-1.3100	0.0410	-0.0825	-1.2150	0.0366	-0.1011	-1.0740	0.0321	-0.1271	-1.0050	0.1288	0.0218	-0.8430	0.0262	-0.1692	-0.6830	0.0238	-0.1976	-0.6330	0.0843	0.0092
-17.00	-1.2990	0.0342	-0.0803	-1.2000	0.0307	-0.0984	-1.0570	0.0269	-0.1238	-1.0820	0.1037	0.0129	-0.8270	0.0218	-0.1647	-0.6520	0.0202	-0.1937	-0.5985	0.0662	-0.0392
-16.00	-1.2820	0.0286	-0.0765	-1.1820	0.0258	-0.0941	-1.0460	0.0220	-0.1184	-1.1130	0.0786	-0.0028	-0.7970	0.0187	-0.1597	-0.6200	0.0173	-0.1885	-0.5640	0.0481	-0.0875
-15.00	-1.2670	0.0236	-0.0709	-1.1730	0.0209	-0.0876	-1.0190	0.0186	-0.1125	-1.1050	0.0535	-0.0251	-0.7640	0.0160	-0.1537	-0.6000	0.0144	-0.1807	-0.5295	0.0299	-0.1359
-14.00	-1.2430	0.0197	-0.0639	-1.1400	0.0178	-0.0810	-0.9880	0.0159	-0.1054	-1.0780	0.0283	-0.0419	-0.7410	0.0133	-0.1453	-0.5860	0.0119	-0.1705	-0.4950	0.0118	-0.1843
-13.50	-1.2270	0.0182	-0.0599	-1.1180	0.0167	-0.0775	-0.9640	0.0150	-0.1022	-1.0530	0.0158	-0.0521	-0.7350	0.0120	-0.1398	-0.5990	0.0110	-0.1613	-0.4620	0.0107	-0.1836
-13.00	-1.2030	0.0172	-0.0565	-1.0990	0.0157	-0.0735	-0.9540	0.0137	-0.0972	-1.0150	0.0151	-0.0610	-0.7650	0.0111	-0.1281	-0.5660	0.0099	-0.1608	-0.4100	0.0098	-0.1856
-12.00	-1.1580	0.0153	-0.0484	-1.0620	0.0137	-0.0642	-0.9270	0.0119	-0.0860	-0.9040	0.0134	-0.0707	-0.6880	0.0099	-0.1251	-0.4590	0.0087	-0.1634	-0.2910	0.0084	-0.1909
-11.00	-1.1120	0.0136	-0.0394	-1.0120	0.0122	-0.0554	-0.9030	0.0107	-0.0724	-0.8070	0.0121	-0.0722	-0.5850	0.0091	-0.1255	-0.3510	0.0082	-0.1648	-0.1680	0.0075	-0.1956
-10.00	-1.0450	0.0104	-0.0318	-0.9950	0.0103	-0.0393	-0.8130	0.0098	-0.0698	-0.7110	0.0111	-0.0734	-0.4790	0.0104	-0.1271	-0.2570	0.0141	-0.1670	-0.0950	0.0186	-0.1973
-9.00	-1.0000	0.0098	-0.0213	-0.9180	0.0097	-0.0340	-0.7080	0.0091	-0.0694	-0.5950	0.0099	-0.0772	-0.3640	0.0096	-0.1288	-0.1370	0.0124	-0.1698	0.0280	0.0158	-0.2002
-8.00	-0.9630	0.0098	-0.0084	-0.8200	0.0092	-0.0320	-0.5980	0.0086	-0.0698	-0.4780	0.0091	-0.0807	-0.2450	0.0086	-0.1312	-0.0140	0.0109	-0.1726	0.1490	0.0136	-0.2020
-7.00	-0.8720	0.0093	-0.0050	-0.7150	0.0087	-0.0314	-0.4850	0.0081	-0.0708	-0.3750	0.0086	-0.0825	-0.1270	0.0080	-0.1333	0.1050	0.0098	-0.1746	0.2690	0.0115	-0.2036
-6.00	-0.7700	0.0088	-0.0034	-0.6050	0.0082	-0.0315	-0.3700	0.0074	-0.0722	-0.2640	0.0082	-0.0832	-0.0060	0.0075	-0.1357	0.2290	0.0086	-0.1774	0.3920	0.0093	-0.2062
-5.00	-0.6640	0.0083	-0.0025	-0.4930	0.0076	-0.0320	-0.2520	0.0071	-0.0739	-0.1510	0.0079	-0.0841	0.1140	0.0069	-0.1382	0.3510	0.0074	-0.1802	0.5100	0.0075	-0.2076
-4.00	-0.5540	0.0078	-0.0025	-0.3770	0.0073	-0.0332	-0.1330	0.0068	-0.0758	-0.0170	0.0072	-0.0869	0.2350	0.0062	-0.1409	0.4750	0.0061	-0.1835	0.5770	0.0066	-0.1991
-3.00	-0.4400	0.0074	-0.0033	-0.2600	0.0069	-0.0347	-0.0140	0.0062	-0.0780	0.0880	0.0064	-0.0912	0.3600	0.0052	-0.1447	0.6000	0.0050	-0.1868	0.6940	0.0054	-0.1997
-2.00	-0.3240	0.0070	-0.0043	-0.1420	0.0064	-0.0363	0.1060	0.0055	-0.0806	0.2130	0.0054	-0.0946	0.4820	0.0046	-0.1476	0.7150	0.0047	-0.1874	0.8000	0.0048	-0.1982
-1.00	-0.2100	0.0064	-0.0054	-0.0250	0.0057	-0.0382	0.2270	0.0045	-0.0837	0.3280	0.0052	-0.0971	0.6000	0.0047	-0.1491	0.8210	0.0047	-0.1864	0.8860	0.0051	-0.1930
0.00	-0.0950	0.0055	-0.0069	0.0930	0.0046	-0.0408	0.3480	0.0045	-0.0859	0.4420	0.0052	-0.1014	0.7170	0.0047	-0.1507	0.8750	0.0053	-0.1750	0.9420	0.0059	-0.1824
1.00	0.0230	0.0055	-0.0089	0.2150	0.0045	-0.0431	0.4690	0.0044	-0.0883	0.5560	0.0052	-0.1076	0.8200	0.0055	-0.1495	0.9260	0.0071	-0.1639	0.8570	0.0117	-0.1499
2.00	0.1430	0.0046	-0.0112	0.3360	0.0044	-0.0455	0.5860	0.0048	-0.0900	0.6700	0.0053	-0.1126	0.8920	0.0074	-0.1428	0.9560	0.0091	-0.1493	0.8440	0.0154	-0.1298
3.00	0.2640	0.0044	-0.0136	0.4540	0.0046	-0.0476	0.6840	0.0064	-0.0888	0.7840	0.0053	-0.1157	0.9320	0.0089	-0.1298	0.9920	0.0112	-0.1368	0.9340	0.0164	-0.1267
4.00	0.3800	0.0045	-0.0155	0.5580	0.0063	-0.0477	0.7770	0.0080	-0.0866	0.8980	0.0054	-0.1199	0.9870	0.0101	-0.1199	1.0250	0.0130	-0.1244	1.0290	0.0173	-0.1245
5.00	0.4890	0.0052	-0.0167	0.6610	0.0077	-0.0475	0.8720	0.0091	-0.0845	1.0110	0.0058	-0.1240	1.0390	0.0112	-0.1099	1.0910	0.0145	-0.1177	1.1270	0.0181	-0.1226
6.00	0.5970	0.0065	-0.0176	0.7630	0.0087	-0.0472	0.9650	0.0097	-0.0822	1.1030	0.0091	-0.1234	1.1060	0.0122	-0.1034	1.1300	0.0169	-0.1077	1.2140	0.0196	-0.1194
7.00	0.7020	0.0077	-0.0180	0.8650	0.0094	-0.0467	1.0170	0.0106	-0.0720	1.1810	0.0113	-0.1184	1.1360	0.0141	-0.0914	1.2100	0.0183	-0.1039	1.3030	0.0210	-0.1166
8.00	0.8070	0.0087	-0.0186	0.9510	0.0103	-0.0438	1.0530	0.0117	-0.0599	1.2570	0.0124	-0.1163	1.1810	0.0160	-0.0827	1.2880	0.0197	-0.1001	1.3830	0.0230	-0.1130
8.50	0.8520	0.0093	-0.0176	0.9880	0.0108	-0.0411	1.0750	0.0123	-0.0551	1.2930	0.0130	-0.1163	1.2120	0.0168	-0.0799	1.3230	0.0206	-0.0978	1.4170	0.0244	-0.1104
9.00	0.8940	0.0099	-0.0163	0.9950	0.0111	-0.0329	1.0880	0.0132	-0.0494	1.3260	0.0136	-0.1160	1.2420	0.0177	-0.0771	1.3530	0.0217	-0.0950	1.4280	0.0267	-0.1055
9.50	0.9350	0.0104	-0.0148	1.0020	0.0117	-0.0257	1.1020	0.0142	-0.0444	1.3560	0.0143	-0.1154	1.2670	0.0188	-0.0738	1.3600	0.0239	-0.0898	1.4480	0.0288	-0.1019
10.00	0.9350	0.0108	-0.0061	0.9980	0.0131	-0.0186	1.1110	0.0155	-0.0393	1.3820	0.0150	-0.1149	1.2760	0.0206	-0.0688	1.3840	0.0255	-0.0867	1.4740	0.0307	-0.0989
10.50	0.9370	0.0113	0.0004	1.0210	0.0140	-0.0151	1.1350	0.0164	-0.0360	1.4000	0.0267	-0.1145	1.2990	0.0218	-0.0657	1.4070	0.0272	-0.0837	1.4810	0.0338	-0.0948
11.00	0.9500	0.0123	0.0053	1.0410	0.0148	-0.0114	1.1560	0.0175	-0.0326	1.4150	0.0383	-0.1143	1.3070	0.0239	-0.0615	1.4130	0.0300	-0.0795	1.5010	0.0362	-0.0919
11.50	0.9490	0.0133	0.0114	1.0420	0.0164	-0.0058	1.1610	0.0193	-0.0279	1.4250	0.0498	-0.1147	1.3270	0.0256	-0.0585	1.4340	0.0320	-0.0769	1.5200	0.0387	-0.0891
12.00	0.9650	0.0149	0.0154	1.0600	0.0175	-0.0022	1.1810	0.0206	-0.0249	1.4340	0.0613	-0.1158	1.3460	0.0274	-0.0557	1.4360	0.0353	-0.0733	1.5240	0.0424	-0.0859
12.50	0.9630	0.0160	0.0208	1.0600	0.0194	0.0026	1.1820	0.0228	-0.0205	1.4430	0.0727	-0.1165	1.3490	0.0303	-0.0522	1.4560	0.0375	-0.0710	1.5420	0.0452	-0.0836
13.00	0.9820	0.0178	0.0239	1.0790	0.0207	0.0056	1.2010	0.0243	-0.0178	1.4510	0.0841	-0.1153	1.3660	0.0324	-0.0498	1.4730	0.0400	-0.0688	1.5400	0.0497	-0.0809
13.50	0.9970	0.0189	0.0270	1.0960	0.0222	0.0084	1.2170	0.0260	-0.0152	1.4530	0.0954	-0.1131	1.3690	0.0357	-0.0471	1.4700	0.0441	-0.0661	1.5540	0.0531	-0.0789
14.00	1.0000	0.0202	0.0307	1.0960	0.0247	0.0119	1.2160	0.0288	-0.0119	1.4480	0.1065	-0.1112	1.3840	0.0381	-0.0452	1.4860	0.0469	-0.0643	1.5680	0.0566	-0.0772
14.50	1.0190	0.0224	0.0329	1.1150	0.0262	0.0140	1.2350	0.0305	-0.0099	1.4440	0.1176	-0.1101	1.3990	0.0405	-0.0434	1.4800	0.0518	-0.0625	1.5590	0.0623	-0.0755
15.00	1.0340	0.0238	0.0352	1.1290	0.0281	0.0162	1.2390	0.0333	-0.0074	1.4450	0.1287	-0.1103	1.3930	0.0449	-0.0415	1.4910	0.0552	-0.0611	1.5720	0.0660	-0.0743
15.50	1.0330	0.0255	0.0380	1.1270	0.0312	0.0187	1.2420	0.0361	-0.0048	1.4470	0.1398	-0.1109	1.4070	0.0477	-0.0403	1.5030	0.0587	-0.0601	1.5790	0.0703	-0.0734
16.00	1.0510	0.0282	0.0396	1.1480	0.0328	0.0199	1.2590	0.0383	-0.0038	1.4480	0.1509	-0.1114	1.4180	0.0509	-0.0392	1.5010	0.0638	-0.0594	1.5670	0.0769	-0.0731
16.50	1.0690	0.0298	0.0410	1.1610	0.0351	0.0214	1.2490	0.0428	-0.0023	1.4440	0.1619	-0.1111	1.4060	0.0566	-0.0385	1.5010	0.0687	-0.0589	1.5770	0.0812	-0.0727
17.00	1.0620	0.0315	0.0429	1.1530	0.0391	0.0229	1.2620	0.0455	-0.0016	1.4380	0.1728	-0.1097	1.4180	0.0599	-0.0380	1.5080	0.0727	-0.0587	1.5550	0.0895	-0.0736
17.50	1.0790	0.0352	0.0439	1.1690	0.0414	0.0237	1.2760	0.0481	-0.0011	1.4390	0.1837	-0.1079	1.4130	0.0653	-0.0383	1.4890	0.0806	-0.0597	1.5630	0.0942	-0.0738
18.00	1.0920	0.0372	0.0447	1.1800	0.0441	0.0244	1.2720	0.0528	-0.0010	1.4480	0.1947	-0.1080	1.4080	0.0708	-0.0387	1.4970	0.0848	-0.0600	1.5680	0.0990	-0.0741
18.50	1.0880	0.0394	0.0455	1.1640	0.0493	0.0247	1.2690	0.0575	-0.0011	1.4520	0.2057	-0.1090	1.4170	0.0746	-0.0391	1.4990	0.0898	-0.0607	1.5390	0.1086	-0.0768
19.00	1.0900	0.0433	0.0459	1.1770	0.0520	0.0248	1.2800	0.0608	-0.0014	1.4480	0.2165	-0.1086	1.4160	0.0799	-0.0401	1.4760	0.0987	-0.0632	1.5420	0.1135	-0.0777
19.50	1.1020	0.0467	0.0460	1.1850	0.0552	0.0247	1.2550	0.0687	-0.0031	1.4380	0.2272	-0.1077	1.3990	0.0877	-0.0423	1.4790	0.1035	-0.0642	1.5450	0.1184	-0.0788
20.00	1.0770	0.0493	0.0452	1.1630	0.0622	0.0234	1.2660	0.0722	-0.0040	1.4280	0.2379	-0.1099	1.4080	0.0918	-0.0434	1.4810	0.1085	-0.0657	1.5180	0.1277	-0.0827
21.00	1.1060	0.0558	0.0438	1.1880	0.0685	0.0216	1.2840	0.0798	-0.0066	1.4010	0.2590	-0.1169	1.3800	0.1067	-0.0494	1.4520	0.1233	-0.0720	1.5100	0.1390	-0.0871
22.00	1.0940	0.0615	0.0398	1.1730	0.0804	0.0167	1.2600	0.0940	-0.0127	1.3590	0.2799	-0.1190	1.3569	0.1264	-0.0642	1.4170	0.1389	-0.0802	1.4710	0.1543	-0.0954
23.00	1.1040	0.0723	0.0353	1.1480	0.0949	0.0094	1.2310	0.1096	-0.0211	1.3000	0.3004	-0.1235	1.3338	0.1462	-0.0790	1.3720	0.1553	-0.0904	1.4220	0.1704	-0.1060
24.00	1.0760	0.0809	0.0274	1.1140	0.1112	-0.0002	1.1930	0.1266	-0.0317	1.2200	0.3204	-0.1393	1.3107	0.1659	-0.0938	1.3180	0.1729	-0.1028	1.3610	0.1858	-0.1186
25.00	1.0420	0.0954	0.0172	1.0730	0.1292	-0.0120	1.1460	0.1453	-0.0441	1.1680	0.3377	-0.1440	1.2876	0.1856	-0.1086	1.2530	0.1893	-0.1167	1.2490	0.2112	-0.1393
26.00	1.0334	0.0986	0.0068	1.0628	0.1505	-0.0228	1.1326	0.1665	-0.0558	1.1160	0.3554	-0.1486	1.2644	0.2054	-0.1235	1.2348	0.2101	-0.1304	1.2310	0.2318	-0.1533
28.00	1.0162	0.1051	-0.0141	1.0424	0.1932	-0.0443	1.1058	0.2088	-0.0792	1.0150	0.3916	-0.1577	1.2182	0.2448	-0.1531	1.1984	0.2516	-0.1579	1.1950	0.2730	-0.1812
30.00	0.9990	0.1116	-0.0350	1.0220	0.2358	-0.0659	1.0790	0.2511	-0.1026	0.9260	0.4294	-0.1668	1.1720	0.2843	-0.1827	1.1620	0.2932	-0.1853	1.1590	0.3142	-0.2091
32.00	0.9856	0.1331	-0.0493	1.0068	0.2847	-0.0804	1.0594	0.2997	-0.1178	0.8550	0.4690	-0.1759	1.1452	0.3321	-0.1973	1.1358	0.3408	-0.2021	1.1330	0.3613	-0.2263
35.00	0.9655	0.1653	-0.0708	0.9840	0.3582	-0.1023	1.0300	0.3726	-0.1406	0.8000	0.5324	-0.1897	1.1050	0.4039	-0.2192	1.0965	0.4123	-0.2274	1.0940	0.4320	-0.2521
40.00	0.9320	0.2190	-0.1065	0.9460	0.4805	-0.1386	0.9810	0.4941	-0.1785	0.8040	0.6452	-0.2126	1.0380	0.5234	-0.2556	1.0310	0.5313	-0.2695	1.0290	0.5498	-0.2951
45.00	0.8840	0.3424	-0.1354	0.8950	0.6119	-0.1677	0.9230	0.6244	-0.2078	0.7930	0.7573	-0.2344	0.9680	0.6513	-0.2829	0.9630	0.6586	-0.3001	0.9610	0.6756	-0.3263
50.00	0.8360	0.4657	-0.1643	0.8440	0.7432	-0.1967	0.8650	0.7546	-0.2371	0.7630	0.8664	-0.2553	0.8980	0.7792	-0.3102	0.8950	0.7858	-0.3307	0.8930	0.8014	-0.3574
55.00	0.7615	0.5983	-0.1915	0.7680	0.8685	-0.2237	0.7840	0.8786	-0.2640	0.7170	0.9708	-0.2751	0.8095	0.9005	-0.3352	0.8070	0.9064	-0.3581	0.8055	0.9202	-0.3851
60.00	0.6870	0.7308	-0.2187	0.6920	0.9937	-0.2507	0.7030	1.0026	-0.2909	0.6560	1.0693	-0.2939	0.7210	1.0218	-0.3602	0.7190	1.0269	-0.3854	0.7180	1.0390	-0.4128
65.00	0.5870	0.8575	-0.2448	0.5905	1.0987	-0.2766	0.5985	1.1062	-0.3167	0.5820	1.1606	-0.3117	0.6115	1.1223	-0.3840	0.6100	1.1266	-0.4113	0.6090	1.1368	-0.4388
70.00	0.4870	0.9841	-0.2709	0.4890	1.2037	-0.3025	0.4940	1.2097	-0.3424	0.4950	1.2438	-0.3285	0.5020	1.2228	-0.4078	0.5010	1.2263	-0.4372	0.5000	1.2346	-0.4647
75.00	0.3685	1.0906	-0.2954	0.3700	1.2767	-0.3266	0.3730	1.2812	-0.3665	0.3980	1.3178	-0.3444	0.3780	1.2911	-0.4299	0.3770	1.2937	-0.4612	0.3765	1.3000	-0.4886
80.00	0.2500	1.1970	-0.3198	0.2510	1.3496	-0.3507	0.2520	1.3527	-0.3905	0.2910	1.3809	-0.3593	0.2540	1.3593	-0.4520	0.2530	1.3611	-0.4852	0.2530	1.3653	-0.5125
85.00	0.1250	1.2716	-0.3412	0.1255	1.3828	-0.3718	0.1260	1.3844	-0.4114	0.1760	1.4304	-0.3731	0.1270	1.3877	-0.4709	0.1265	1.3886	-0.5060	0.1265	1.3907	-0.5330
90.00	0.0000	1.3462	-0.3625	0.0000	1.4160	-0.3928	0.0000	1.4160	-0.4323	0.0530	1.4565	-0.3858	0.0000	1.4160	-0.4898	0.0000	1.4160	-0.5268	0.0000	1.4160	-0.5535
95.00	-0.0875	1.3811	-0.3704	-0.0875	1.3828	-0.4012	-0.0880	1.3844	-0.4414	-0.0740	1.4533	-0.3973	-0.0885	1.3877	-0.4986	-0.0885	1.3886	-0.5379	-0.0885	1.3907	-0.5654
100.00	-0.1750	1.4160	-0.3783	-0.1750	1.3496	-0.4095	-0.1760	1.3527	-0.4505	-0.1990	1.4345	-0.4075	-0.1770	1.3593	-0.5074	-0.1770	1.3611	-0.5490	-0.1770	1.3653	-0.5772
105.00	-0.2580	1.3811	-0.3777	-0.2585	1.2767	-0.4094	-0.2610	1.2812	-0.4512	-0.3210	1.4004	-0.4162	-0.2640	1.2911	-0.5082	-0.2635	1.2937	-0.5520	-0.2635	1.3000	-0.5809
110.00	-0.3410	1.3462	-0.3770	-0.3420	1.2037	-0.4093	-0.3460	1.2097	-0.4519	-0.4360	1.3512	-0.4231	-0.3510	1.2228	-0.5090	-0.3500	1.2263	-0.5549	-0.3500	1.2346	-0.5845
115.00	-0.4110	1.2716	-0.3700	-0.4130	1.0987	-0.4029	-0.4190	1.1062	-0.4466	-0.5430	1.2874	-0.4280	-0.4280	1.1223	-0.5043	-0.4265	1.1266	-0.5520	-0.4265	1.1368	-0.5823
120.00	-0.4810	1.1970	-0.3629	-0.4840	0.9937	-0.3964	-0.4920	1.0026	-0.4412	-0.6400	1.2099	-0.4306	-0.5050	1.0218	-0.4995	-0.5030	1.0269	-0.5490	-0.5030	1.0390	-0.5801
125.00	-0.5330	1.0906	-0.3532	-0.5375	0.8685	-0.3875	-0.5485	0.8786	-0.4338	-0.7230	1.1196	-0.4304	-0.5670	0.9005	-0.4936	-0.5645	0.9064	-0.5447	-0.5640	0.9202	-0.5763
130.00	-0.5850	0.9841	-0.3435	-0.5910	0.7432	-0.3786	-0.6050	0.7546	-0.4264	-0.7900	1.0179	-0.4270	-0.6290	0.7792	-0.4877	-0.6260	0.7858	-0.5404	-0.6250	0.8014	-0.5725
135.00	-0.6185	0.8575	-0.3372	-0.6265	0.6119	-0.3734	-0.6455	0.6244	-0.4237	-0.8400	0.9064	-0.4196	-0.6775	0.6513	-0.4877	-0.6740	0.6586	-0.5421	-0.6730	0.6756	-0.5745
140.00	-0.6520	0.7308	-0.3308	-0.6620	0.4805	-0.3681	-0.6860	0.4941	-0.4209	-0.8680	0.7871	-0.4077	-0.7260	0.5234	-0.4877	-0.7220	0.5313	-0.5437	-0.7210	0.5498	-0.5765
145.00	-0.6755	0.5983	-0.3387	-0.6890	0.3582	-0.3779	-0.7205	0.3726	-0.4356	-0.8720	0.6627	-0.3903	-0.7735	0.4039	-0.5077	-0.7675	0.4123	-0.5664	-0.7660	0.4320	-0.5994
150.00	-0.6990	0.4657	-0.3466	-0.7160	0.2358	-0.3876	-0.7550	0.2511	-0.4502	-0.8500	0.5363	-0.3665	-0.8210	0.2843	-0.5277	-0.8130	0.2932	-0.5891	-0.8110	0.3142	-0.6222
155.00	-0.6415	0.3424	-0.3450	-0.6585	0.1366	-0.3874	-0.6985	0.1526	-0.4538	-0.7980	0.4116	-0.3349	-0.8705	0.1872	-0.5926	-0.7575	0.1965	-0.5993	-0.7555	0.2183	-0.6324
160.00	-0.5840	0.2190	-0.3434	-0.6010	0.0374	-0.3872	-0.6420	0.0540	-0.4574	-0.7140	0.2931	-0.2942	-0.9200	0.0900	-0.6574	-0.7020	0.0997	-0.6094	-0.7000	0.1224	-0.6425
170.00	-0.2920	0.0192	-0.5000	-0.3000	0.0100	-0.5000	-0.3210	0.0100	-0.5000	-0.7490	0.0971	-0.3771	-0.4600	0.0100	-0.5000	-0.3510	0.0100	-0.5000	-0.3500	0.0100	-0.5000
175.00	-0.1460	0.0146	-0.2500	-0.1500	0.0100	-0.2500	-0.1605	0.0100	-0.2500	-0.3740	0.0334	-0.1879	-0.2300	0.0100	-0.2500	-0.1755	0.0100	-0.2500	-0.1750	0.0100	-0.2500
180.00	0.0000	0.0100	0.0000	0.0000	0.0100	0.0000	0.0000	0.0100	0.0000	0.0000	0.0198	0.0000	0.0000	0.0100	0.0000	0.0000	0.0100	0.0000	0.0000	0.0100	0.0000

